c <- 4
b <- 5
d <- 4 